100 103
1 100
1 2
1 11
11 102
102 105
99 102
11 99
11 98
98 101
11 14
11 12
10 14
6 12
7 12
7 8
6 145
8 145
5 6
9 14
5 9
14 120
4 145
32 120
35 120
31 120
61 145
61 129
17 61
17 52
3 145
3 52
52 128
13 31
31 119
13 142
15 142
15 18
18 134
18 135
135 136
18 137
136 137
52 137
18 144
131 144
52 93
54 93
52 54
51 54
51 52
51 53
51 57
51 59
57 60
59 60
57 58
132 144
130 132
50 130
49 50
46 50
20 50
133 144
16 20
16 133
16 19
19 143
42 143
48 143
47 143
44 143
117 143
45 143
41 143
43 143
79 143
141 143
79 95
79 116
63 116
63 95
63 141
116 140
119 140
118 119
56 141
55 141
55 140
55 56
29 141
29 30
140 147
147 148
92 141
92 151
76 141
76 151
78 151
77 141
77 78
74 118
38 74
74 121
75 118
37 74
37 40
40 125
124 125
124 140
140 150
149 150
124 146
86 124
83 124
83 84
122 149
87 122
34 75
39 75
34 39
33 34
36 75
33 36
75 126
64 126
64 127
65 127
65 73
73 153
71 153
66 153
97 153
88 153
114 153
68 153
115 153
111 153
72 153
90 153
89 153
70 153
104 153
139 153
83 139
91 139
83 85
80 85
87 123
80 123
87 152
80 138
81 138
81 152
24 152
21 24
23 24
107 153
106 107
106 109
69 109
67 153
67 69
110 153
69 82
110 113
22 82
112 113
108 112
82 108
96 108
25 82
26 82
27 82
28 82
62 82
82 94
