11 17
17 50
49 50
17 49
49 51
51 122
42 122
43 122
43 86
86 88
87 88
87 90
87 89
89 92
91 92
91 93
12 93
10 12
10 14
14 15
14 16
16 40
37 40
36 40
36 123
39 123
41 123
15 73
13 73
38 41
34 38
34 35
13 69
56 69
34 133
132 133
69 70
131 132
130 131
100 130
66 70
66 121
66 68
68 124
67 121
67 124
80 124
75 80
71 121
77 121
48 75
48 58
77 78
78 79
76 79
60 76
44 58
49 102
44 102
47 102
49 52
49 57
57 101
52 101
45 57
45 46
44 46
44 64
53 101
63 64
59 60
59 64
59 61
60 61
9 61
9 62
53 54
59 65
54 55
55 94
94 96
8 65
95 96
7 8
7 19
95 97
97 135
19 21
18 19
19 24
100 134
134 135
20 24
72 100
24 98
72 109
98 99
99 135
81 98
81 85
135 136
84 85
136 137
137 138
83 84
108 138
108 109
74 108
103 109
103 108
82 83
109 110
110 111
1 83
105 110
104 105
1 125
104 106
5 125
5 6
2 125
2 3
3 4
2 119
114 119
118 119
119 126
28 103
103 128
28 129
128 129
26 28
26 27
31 126
27 31
33 126
30 33
29 30
29 32
29 115
113 115
112 113
112 127
106 127
107 127
22 107
22 25
23 106
23 116
116 117
117 120
