95 109
88 95
87 95
77 88
87 96
77 89
51 96
52 89
51 52
52 94
51 94
51 58
52 90
17 90
58 98
58 97
58 93
17 57
57 58
56 93
57 78
30 78
29 30
26 29
26 53
55 56
3 56
39 55
39 53
13 53
3 102
3 4
4 102
39 50
4 50
49 50
39 49
50 71
5 49
64 71
5 6
6 34
92 102
85 102
64 85
91 92
31 85
86 91
31 86
64 99
64 72
31 101
31 100
42 72
41 72
41 42
42 69
41 69
42 63
43 69
41 82
41 81
43 44
44 82
79 81
44 79
43 110
43 80
44 80
44 70
70 110
33 44
33 34
67 110
33 67
33 75
34 46
46 75
7 34
7 20
13 20
8 20
13 28
17 28
13 27
8 19
19 27
19 28
17 25
25 28
17 73
19 48
46 68
8 65
46 65
8 9
9 65
66 68
9 10
2 66
2 40
10 40
37 40
21 73
12 73
21 32
48 74
12 74
47 48
37 76
37 54
36 54
36 76
1 36
1 104
103 104
35 103
35 47
22 47
12 22
12 107
35 105
14 105
24 32
11 32
11 18
18 24
54 60
45 54
60 61
45 61
107 108
14 106
106 107
14 62
59 108
11 38
38 59
38 62
16 45
15 16
15 45
11 84
83 84
11 83
11 23
