4 7
4 5
4 8
4 6
6 104
3 4
103 104
3 100
100 106
35 104
35 105
34 35
30 34
30 106
101 106
30 31
31 32
32 33
30 33
30 102
30 107
102 107
107 109
108 109
101 108
27 108
9 101
9 93
59 93
11 59
11 12
59 98
58 98
57 58
56 57
56 63
12 19
63 99
62 99
60 62
20 60
14 20
14 19
13 20
19 40
40 41
38 41
38 39
60 125
39 44
44 45
42 45
45 117
42 43
65 117
36 43
25 36
25 37
21 37
21 65
24 27
27 88
24 28
67 88
64 67
28 29
64 97
10 65
1 10
26 29
1 26
65 66
66 112
29 89
89 92
92 121
91 97
97 122
121 122
122 123
90 91
90 123
90 116
116 118
120 121
119 120
118 119
70 118
70 71
2 71
2 115
16 112
16 115
114 115
112 114
113 114
15 112
15 18
17 18
17 113
75 113
73 75
73 118
72 75
68 75
75 111
74 111
74 125
77 111
61 125
61 110
51 77
52 77
53 110
52 53
76 77
76 96
86 96
68 69
69 96
50 110
68 87
84 87
84 95
85 95
82 95
82 83
49 50
80 83
49 79
78 79
78 81
23 80
23 81
22 81
22 80
22 55
23 55
46 55
46 94
48 49
47 48
47 94
49 124
94 124
54 124
