25 26
24 25
23 24
21 26
21 23
21 22
19 21
19 50
31 50
20 50
50 56
26 51
27 56
27 51
26 32
27 32
32 62
27 62
60 62
26 41
41 56
26 40
40 41
26 38
38 41
41 42
29 42
29 34
34 41
28 41
28 29
26 59
41 59
56 59
10 28
9 10
58 59
56 58
57 58
56 57
52 58
52 59
17 26
17 18
18 59
18 26
26 61
30 61
18 30
44 59
18 44
18 39
49 61
39 49
36 49
37 61
36 37
15 37
15 16
16 61
16 28
47 59
47 61
28 47
28 69
47 69
16 69
35 69
13 35
13 47
13 69
13 14
43 47
46 59
43 46
45 47
45 48
47 48
33 45
33 59
33 47
59 70
59 63
63 71
70 71
3 52
3 63
7 52
63 64
1 64
7 53
53 63
2 7
1 2
2 4
7 11
4 11
11 33
53 65
33 65
65 66
65 67
66 67
11 67
65 68
67 68
12 68
11 12
11 55
54 55
7 54
7 8
6 8
6 11
5 6
