55 56
53 55
54 55
48 54
47 48
19 47
4 47
4 46
19 20
19 24
19 21
21 22
22 23
23 24
4 23
1 4
1 24
1 55
4 6
6 55
6 11
11 12
5 6
5 8
8 52
11 51
50 51
1 50
49 51
2 49
1 2
2 4
7 52
2 7
1 69
2 59
68 69
60 68
60 61
3 4
3 61
67 68
58 67
23 62
4 62
58 65
64 65
62 64
23 25
25 26
17 62
17 23
18 26
17 18
26 39
17 40
42 64
40 42
2 63
62 63
63 64
2 33
29 33
13 62
13 33
35 63
35 36
28 36
28 62
27 62
28 37
9 37
9 63
9 38
10 27
9 10
13 30
27 30
9 30
9 66
44 63
14 44
13 14
14 30
14 41
34 41
13 16
16 44
44 57
43 57
16 43
31 57
43 45
15 31
15 32
32 45
