34 61
34 63
34 56
29 34
30 34
30 31
30 40
38 40
38 64
38 39
10 30
10 40
10 27
37 38
37 40
9 27
9 30
36 37
36 67
27 67
15 27
13 15
15 16
9 16
16 32
13 14
32 49
14 49
67 68
9 68
38 68
33 38
35 67
33 35
35 48
52 68
48 52
2 68
68 69
67 69
69 70
70 71
47 69
45 47
43 67
43 45
71 72
72 73
43 46
44 46
18 67
18 43
18 41
41 44
41 62
4 67
2 4
65 73
65 66
3 66
3 4
73 74
1 4
1 2
1 74
17 18
1 42
4 42
18 42
17 26
24 26
24 42
24 25
4 23
23 24
4 11
1 50
23 50
22 23
20 22
19 20
19 50
1 59
21 50
50 51
6 51
6 11
6 8
5 8
2 7
7 8
7 53
2 57
11 12
12 57
59 60
57 58
58 60
54 58
12 28
12 55
