89 95
89 90
90 116
113 116
113 114
111 114
96 111
95 96
111 112
94 95
76 112
93 94
76 93
77 93
69 77
73 77
69 78
73 74
74 75
73 75
70 78
70 71
71 72
78 152
151 152
78 153
151 153
151 155
154 155
62 151
61 154
62 156
61 156
156 157
157 158
143 158
143 144
88 144
43 88
43 44
41 44
21 78
78 136
50 158
50 136
7 158
21 22
136 137
6 7
10 22
135 137
4 6
4 5
5 49
3 4
48 49
47 48
47 138
135 138
135 142
141 142
140 141
139 140
3 133
133 134
134 139
46 47
45 46
42 45
42 47
10 87
87 134
81 87
104 134
82 104
81 82
8 10
8 9
9 10
8 86
2 86
2 104
1 86
103 104
103 106
83 106
83 105
8 110
83 110
105 108
107 110
107 108
20 108
19 20
19 68
68 107
107 109
8 120
102 109
101 102
119 120
101 119
25 120
25 28
25 27
27 98
26 98
117 119
98 99
92 98
91 92
91 99
67 92
92 118
117 118
67 115
115 118
36 117
33 36
33 34
16 19
15 16
15 18
17 18
12 19
12 17
11 19
11 12
11 14
13 14
13 31
34 35
31 85
35 85
32 35
32 85
31 132
34 37
34 40
39 40
39 84
37 38
38 84
54 84
54 55
55 56
53 54
54 59
59 60
57 60
57 58
29 53
23 29
23 24
23 30
24 30
131 132
125 132
126 131
51 126
51 125
51 58
51 52
52 150
149 150
123 125
123 130
58 124
124 130
58 129
129 130
128 130
128 129
79 128
63 79
79 121
63 80
97 121
97 127
66 127
65 66
64 80
64 65
80 100
100 122
122 145
145 146
146 147
147 148
