11 17
17 50
49 50
17 49
49 51
51 122
42 122
43 122
43 86
86 88
87 88
87 90
87 89
89 92
91 92
91 93
12 93
10 12
10 14
14 15
14 16
15 73
16 40
13 73
13 69
37 40
36 40
36 123
56 69
69 70
66 70
39 123
41 123
38 41
34 38
66 68
66 121
68 124
34 35
34 133
132 133
131 132
130 131
100 130
67 121
67 124
80 124
75 80
48 75
48 58
44 58
71 121
77 121
77 78
78 79
76 79
60 76
100 134
72 100
134 135
72 109
60 61
59 61
59 60
9 61
9 62
44 64
59 64
59 65
63 64
8 65
7 8
7 19
44 102
49 102
44 46
47 102
45 46
49 57
45 57
49 52
52 101
57 101
53 101
53 54
54 55
55 94
94 96
95 96
97 135
95 97
99 135
135 136
98 99
136 137
137 138
108 109
108 138
103 108
103 109
109 110
74 108
24 98
19 24
81 98
20 24
81 85
84 85
83 84
19 21
18 19
103 128
28 103
128 129
28 129
26 28
26 27
27 31
31 126
110 111
105 110
104 105
104 106
82 83
1 83
1 125
33 126
119 126
30 33
29 30
23 106
106 127
23 116
116 117
117 120
5 125
2 119
2 125
5 6
2 3
3 4
114 119
118 119
29 32
29 115
113 115
112 113
112 127
107 127
22 107
22 25
