3 67
3 59
58 59
58 67
66 67
1 66
65 66
1 4
2 4
63 65
11 65
56 63
62 63
60 62
11 60
61 62
11 12
12 51
50 51
48 50
11 49
49 50
48 55
54 55
49 54
5 49
5 34
11 34
11 40
5 8
7 34
6 7
6 8
33 54
33 53
32 54
32 53
47 54
40 47
40 57
53 57
40 52
52 57
32 52
43 47
40 43
42 43
43 44
41 42
46 47
38 47
38 46
39 47
38 39
20 38
20 47
35 38
20 35
18 35
18 39
16 39
17 18
30 44
16 30
30 35
30 31
19 20
20 21
21 23
22 35
22 23
13 35
13 15
15 17
17 24
24 25
25 26
26 37
36 37
44 45
31 45
13 14
14 31
10 13
14 29
29 44
9 44
9 10
9 64
44 64
10 64
10 27
9 27
27 64
27 28
