1 2
1 7
2 8
7 8
2 3
7 13
13 14
8 14
3 9
8 9
3 4
13 19
19 20
14 20
9 15
14 15
9 10
4 10
4 5
19 25
20 26
25 26
15 21
20 21
10 16
15 16
5 11
10 11
5 6
25 31
6 12
11 12
16 17
11 17
16 22
21 22
21 27
26 27
31 32
26 32
31 37
17 18
12 18
22 23
17 23
27 28
22 28
27 33
32 33
37 38
32 38
37 43
23 24
18 24
28 29
23 29
28 34
33 34
33 39
38 39
43 44
38 44
43 49
29 30
24 30
34 35
29 35
39 40
34 40
39 45
44 45
49 50
44 50
49 55
35 36
30 36
40 41
35 41
40 46
45 46
45 51
50 51
55 56
50 56
55 61
36 42
41 42
46 47
41 47
46 52
51 52
56 57
51 57
56 62
61 62
61 67
47 48
42 48
47 53
52 53
52 58
57 58
62 63
57 63
67 68
62 68
67 73
48 54
53 54
58 59
53 59
63 64
58 64
63 69
68 69
73 74
68 74
73 79
54 60
59 60
64 65
59 65
64 70
69 70
74 75
69 75
74 80
79 80
79 85
65 66
60 66
70 71
65 71
70 76
75 76
75 81
80 81
85 86
80 86
85 91
71 72
66 72
76 77
71 77
76 82
81 82
81 87
86 87
86 92
91 92
91 97
77 78
72 78
77 83
82 83
87 88
82 88
87 93
92 93
97 98
92 98
97 103
78 84
83 84
88 89
83 89
88 94
93 94
98 99
93 99
98 104
103 104
103 109
89 90
84 90
94 95
89 95
94 100
99 100
104 105
99 105
109 110
104 110
109 115
90 96
95 96
100 101
95 101
100 106
105 106
105 111
110 111
115 116
110 116
115 121
96 102
101 102
106 107
101 107
106 112
111 112
116 117
111 117
116 122
121 122
121 127
102 108
107 108
112 113
107 113
117 118
112 118
117 123
122 123
127 128
122 128
127 133
113 114
108 114
113 119
118 119
118 124
123 124
123 129
128 129
128 134
133 134
133 139
119 120
114 120
119 125
124 125
124 130
129 130
129 135
134 135
139 140
134 140
125 126
120 126
125 131
130 131
130 136
135 136
140 141
135 141
131 132
126 132
136 137
131 137
136 142
141 142
132 138
137 138
137 143
142 143
138 144
143 144
