1 2
1 7
2 8
7 8
2 3
7 13
13 14
8 14
3 9
8 9
3 4
13 19
19 20
14 20
9 15
14 15
9 10
4 10
4 5
19 25
20 26
25 26
20 21
15 21
10 16
15 16
5 11
10 11
5 6
25 31
11 12
6 12
11 17
16 17
21 22
16 22
21 27
26 27
31 32
26 32
31 37
12 18
17 18
17 23
22 23
22 28
27 28
32 33
27 33
37 38
32 38
37 43
23 24
18 24
23 29
28 29
33 34
28 34
33 39
38 39
43 44
38 44
43 49
29 30
24 30
29 35
34 35
34 40
39 40
39 45
44 45
49 50
44 50
49 55
35 36
30 36
40 41
35 41
40 46
45 46
50 51
45 51
55 56
50 56
55 61
41 42
36 42
41 47
46 47
46 52
51 52
51 57
56 57
56 62
61 62
61 67
47 48
42 48
52 53
47 53
52 58
57 58
57 63
62 63
62 68
67 68
53 54
48 54
53 59
58 59
58 64
63 64
63 69
68 69
54 60
59 60
64 65
59 65
64 70
69 70
60 66
65 66
65 71
70 71
66 72
71 72
