11 47
11 17
5 17
17 96
5 6
6 7
7 8
8 9
9 10
10 15
96 97
12 96
94 97
1 15
15 95
94 95
12 101
94 101
12 99
98 101
42 99
98 104
95 100
100 104
93 95
18 95
92 93
92 110
110 111
19 42
19 104
104 107
42 107
2 18
18 133
126 133
111 122
108 111
117 122
108 109
68 108
106 109
42 106
68 103
42 102
102 103
67 103
41 67
42 48
42 105
42 45
45 49
45 46
46 49
46 129
50 129
3 129
50 128
3 4
4 126
127 128
31 127
41 65
65 127
41 66
65 66
41 64
16 126
126 132
16 132
71 126
78 117
71 78
39 78
39 77
77 123
38 123
38 76
37 76
40 71
37 40
114 117
116 117
71 121
114 121
71 119
115 116
115 121
119 120
120 121
115 131
131 132
121 131
63 132
124 132
124 125
125 132
73 124
125 142
32 63
32 73
62 131
62 63
35 73
34 62
35 74
34 130
36 74
33 36
33 130
135 142
21 135
21 142
134 142
21 134
134 149
43 149
21 145
145 149
43 44
44 138
138 139
141 145
139 141
21 81
21 82
80 81
80 82
80 87
87 130
79 130
72 130
79 86
72 89
82 83
83 86
25 82
89 90
26 90
25 26
28 145
25 28
140 145
26 51
27 28
30 140
51 58
22 27
57 58
22 24
57 60
23 24
20 60
23 143
20 143
30 143
30 52
52 141
91 141
91 112
112 113
29 143
59 143
29 55
55 56
53 56
52 118
59 118
88 118
88 113
52 88
54 59
53 54
53 144
13 118
113 146
88 146
75 146
75 113
113 136
136 147
146 147
136 137
137 148
147 148
14 148
61 131
70 131
85 131
84 131
84 85
69 84
69 131
