44 69
44 117
44 92
44 91
44 93
44 90
44 94
44 95
44 66
44 96
44 45
44 97
39 44
44 98
38 44
21 44
22 44
23 44
24 44
25 44
26 44
27 44
44 99
44 100
44 101
44 114
44 115
44 116
44 118
44 119
14 44
13 14
14 19
14 20
14 40
14 41
14 42
14 43
14 46
11 14
14 47
11 47
11 60
47 61
60 61
47 67
51 60
61 103
12 67
15 67
16 67
18 67
17 67
67 68
49 51
50 51
51 56
51 57
51 58
51 59
51 62
51 63
48 51
51 64
51 65
51 73
2 103
3 103
4 103
5 103
1 103
6 103
7 103
8 103
9 103
10 103
102 103
103 127
73 127
29 127
30 127
31 127
32 127
33 127
28 127
34 127
35 127
36 127
37 127
104 127
105 127
106 127
107 127
108 127
109 127
110 127
111 127
112 127
113 127
120 127
120 121
120 122
120 123
120 124
120 125
120 126
73 81
73 82
73 80
70 73
55 73
71 73
54 73
72 73
53 73
73 74
52 73
73 75
73 76
73 77
73 78
73 83
73 84
73 85
73 86
73 87
73 88
73 89
73 79
