53 65
60 65
58 65
59 65
65 73
73 74
66 74
51 66
66 71
51 55
51 57
38 51
38 39
1 39
1 51
1 36
36 71
40 51
30 51
9 40
31 36
9 31
4 36
9 15
15 43
4 37
37 71
4 70
70 71
68 70
67 70
69 71
68 69
50 67
71 72
22 71
50 61
19 61
19 50
54 61
19 63
29 63
29 56
22 26
23 26
22 23
52 56
48 56
21 52
23 35
21 35
13 23
20 21
20 48
20 64
48 64
33 64
7 13
13 16
2 16
25 30
2 25
2 62
14 25
3 62
3 43
3 41
43 46
44 46
34 43
18 41
18 43
34 47
45 47
44 45
24 44
24 30
27 30
24 27
18 42
41 42
17 18
10 30
30 49
30 32
32 49
6 41
5 41
28 41
8 41
12 41
11 41
