15 32
32 45
15 31
43 45
31 57
43 57
16 43
44 57
16 44
13 16
14 44
13 14
44 63
14 41
14 30
13 30
34 41
13 33
13 62
62 63
27 30
27 62
9 30
9 63
9 10
10 27
29 33
2 33
2 63
35 63
63 64
62 64
35 36
28 62
28 36
28 37
9 37
9 38
9 66
64 65
42 64
58 65
40 42
58 67
17 40
17 62
67 68
23 62
17 23
4 62
2 4
4 23
17 18
18 26
68 69
60 68
1 4
1 69
1 2
60 61
3 4
3 61
23 25
25 26
26 39
22 23
1 24
23 24
21 22
19 21
19 24
1 50
1 55
50 51
19 20
4 47
19 47
47 48
48 54
54 55
4 46
6 55
4 6
55 56
53 55
49 51
2 49
6 11
11 51
5 6
11 12
5 8
8 52
7 52
2 7
2 59
