73 74
47 74
55 73
55 58
57 58
57 60
59 60
59 62
18 62
18 61
54 61
53 54
15 53
15 71
71 72
69 72
69 70
67 70
67 68
17 68
17 65
13 65
13 66
63 66
11 63
11 12
8 12
9 12
7 8
9 10
6 7
10 42
5 6
1 42
4 5
1 33
3 4
2 33
3 79
47 79
2 34
22 47
41 47
21 22
41 80
21 24
27 80
23 24
27 48
23 84
36 84
36 83
37 83
19 34
34 35
19 31
37 56
35 56
37 92
31 32
38 92
20 32
38 40
39 40
39 91
90 91
89 90
88 89
64 88
64 87
85 87
85 86
46 86
48 49
28 48
49 81
25 28
81 82
50 82
43 50
43 44
44 75
75 76
45 76
46 77
45 77
46 51
51 78
14 78
14 30
30 52
25 29
29 52
25 26
16 26
16 52
