104 107
104 105
106 107
102 105
106 180
106 108
102 181
102 103
103 110
110 111
111 129
179 180
109 180
108 109
108 130
128 129
62 129
128 131
130 131
15 130
62 123
61 62
122 123
61 70
122 125
124 125
15 65
15 16
14 16
70 145
65 68
68 70
67 68
65 66
66 67
65 69
124 127
124 126
145 150
63 145
63 64
64 150
64 69
20 69
150 151
63 87
20 90
90 151
83 151
20 83
19 20
19 31
87 88
81 87
81 88
88 89
83 89
83 84
81 82
84 149
31 36
13 31
13 14
36 38
33 38
13 33
33 34
14 17
11 14
12 17
11 12
17 18
149 155
85 149
85 86
38 161
154 161
154 155
153 154
38 39
35 38
32 38
39 197
37 39
37 40
40 182
182 197
196 197
159 197
156 196
159 166
156 166
166 182
49 156
49 182
156 157
46 49
157 158
158 159
155 184
159 184
146 158
155 160
147 155
147 153
152 153
78 153
46 165
45 46
164 165
45 48
47 48
50 166
47 50
164 188
163 164
78 163
187 188
184 187
166 187
184 185
166 185
50 178
166 178
50 148
148 178
167 184
148 167
167 171
163 168
162 163
168 169
169 170
170 186
144 186
143 144
43 144
132 143
43 44
41 43
42 44
41 42
42 190
183 190
99 132
6 132
99 195
6 7
194 195
9 195
193 194
8 9
7 8
5 7
8 175
5 136
4 5
4 78
78 134
3 78
134 174
77 174
3 77
76 174
76 184
140 175
139 175
137 140
135 136
135 139
133 136
139 142
135 138
101 133
141 142
100 101
112 141
92 100
113 138
112 113
138 173
92 93
93 184
75 184
71 184
74 75
71 80
73 74
72 73
72 80
79 80
98 173
91 173
97 98
93 97
93 94
96 97
96 172
79 95
95 172
30 79
26 172
27 30
26 56
55 56
53 56
29 55
27 29
53 54
29 52
54 59
59 60
57 60
57 58
51 52
51 58
52 189
23 189
23 24
21 24
22 27
21 22
27 28
25 28
9 192
9 10
2 9
1 10
2 177
1 177
120 177
120 176
2 176
121 176
118 121
118 119
116 119
116 117
2 117
2 115
114 115
114 192
191 192
