65 66
2 66
1 2
1 65
65 67
67 68
65 68
67 70
69 70
69 72
67 86
71 72
64 71
64 86
1 64
63 86
63 71
1 10
10 64
1 9
9 64
7 63
7 81
63 81
8 9
9 87
5 87
5 8
5 7
4 87
4 5
5 6
7 82
6 47
47 48
4 48
45 48
82 102
79 102
102 103
80 103
101 103
77 101
78 82
78 101
76 77
73 76
73 82
73 74
48 74
74 99
78 104
31 78
31 104
75 104
75 76
75 113
76 105
99 100
100 105
100 113
32 113
31 32
32 37
31 37
32 38
37 38
20 37
20 38
20 105
98 99
16 48
16 98
61 105
48 61
61 98
60 61
54 61
54 60
53 54
51 53
51 52
48 52
19 20
19 36
35 36
33 35
33 34
34 39
39 40
13 20
13 14
11 14
11 105
11 12
12 14
12 105
11 17
12 17
17 105
4 46
4 89
44 46
18 44
15 18
43 44
42 43
15 85
48 85
50 85
41 50
41 42
48 112
49 50
51 58
49 58
57 58
55 57
50 55
55 112
51 92
55 56
56 112
55 91
92 93
90 91
88 89
3 56
3 88
89 94
56 95
94 95
95 96
96 97
90 97
26 93
26 90
30 93
29 30
26 29
25 26
25 96
26 27
25 28
22 27
28 84
21 22
21 23
23 84
83 84
21 24
62 83
24 106
59 62
59 106
106 107
59 111
107 108
110 111
108 109
109 110
