36 37
26 37
25 26
24 25
17 24
17 18
15 17
13 15
18 39
13 35
18 35
22 35
22 23
21 23
20 35
20 21
19 20
20 47
39 47
38 47
35 38
38 39
20 38
38 46
46 47
30 35
16 39
16 30
30 31
30 44
31 45
44 45
13 14
14 31
14 29
29 44
10 13
10 27
9 44
9 27
9 10
9 64
44 64
10 64
27 64
27 28
43 44
43 47
42 43
41 42
40 47
40 43
47 54
54 55
48 55
48 50
49 54
49 50
50 51
12 51
11 49
11 40
11 12
5 49
40 57
40 52
52 57
53 57
32 54
32 53
32 52
33 54
33 53
11 34
5 34
7 34
6 7
6 8
5 8
11 65
11 60
60 62
61 62
62 63
63 65
56 63
65 66
1 66
1 4
2 4
66 67
3 67
58 67
58 59
3 59
