1 7
1 2
7 13
2 8
7 8
2 3
13 19
13 14
8 14
3 9
8 9
3 4
19 25
19 20
14 20
9 15
14 15
9 10
4 10
4 5
25 31
20 26
25 26
20 21
15 21
10 16
15 16
5 11
10 11
5 6
6 12
11 12
16 17
11 17
16 22
21 22
21 27
26 27
31 32
26 32
31 37
17 18
12 18
22 23
17 23
27 28
22 28
27 33
32 33
37 38
32 38
37 43
23 24
18 24
28 29
23 29
28 34
33 34
33 39
38 39
43 44
38 44
43 49
29 30
24 30
29 35
34 35
39 40
34 40
39 45
44 45
49 50
44 50
49 55
35 36
30 36
40 41
35 41
40 46
45 46
45 51
50 51
50 56
55 56
55 61
36 42
41 42
46 47
41 47
46 52
51 52
56 57
51 57
56 62
61 62
61 67
47 48
42 48
47 53
52 53
52 58
57 58
62 63
57 63
67 68
62 68
67 73
48 54
53 54
58 59
53 59
63 64
58 64
68 69
63 69
73 74
68 74
73 79
54 60
59 60
64 65
59 65
64 70
69 70
74 75
69 75
74 80
79 80
79 85
65 66
60 66
70 71
65 71
70 76
75 76
75 81
80 81
85 86
80 86
85 91
66 72
71 72
76 77
71 77
76 82
81 82
81 87
86 87
91 92
86 92
91 97
77 78
72 78
77 83
82 83
82 88
87 88
87 93
92 93
92 98
97 98
97 103
83 84
78 84
83 89
88 89
88 94
93 94
98 99
93 99
98 104
103 104
103 109
89 90
84 90
94 95
89 95
94 100
99 100
104 105
99 105
109 110
104 110
109 115
95 96
90 96
100 101
95 101
100 106
105 106
105 111
110 111
110 116
115 116
115 121
101 102
96 102
106 107
101 107
106 112
111 112
111 117
116 117
121 122
116 122
121 127
102 108
107 108
112 113
107 113
117 118
112 118
122 123
117 123
127 128
122 128
127 133
108 114
113 114
118 119
113 119
118 124
123 124
128 129
123 129
128 134
133 134
133 139
119 120
114 120
124 125
119 125
124 130
129 130
129 135
134 135
139 140
134 140
139 145
125 126
120 126
130 131
125 131
130 136
135 136
135 141
140 141
140 146
145 146
145 151
131 132
126 132
131 137
136 137
141 142
136 142
141 147
146 147
151 152
146 152
151 157
137 138
132 138
142 143
137 143
142 148
147 148
152 153
147 153
152 158
157 158
157 163
143 144
138 144
148 149
143 149
148 154
153 154
158 159
153 159
158 164
163 164
163 169
144 150
149 150
154 155
149 155
159 160
154 160
159 165
164 165
164 170
169 170
169 175
155 156
150 156
160 161
155 161
160 166
165 166
165 171
170 171
175 176
170 176
175 181
156 162
161 162
166 167
161 167
171 172
166 172
171 177
176 177
181 182
176 182
181 187
167 168
162 168
167 173
172 173
172 178
177 178
182 183
177 183
187 188
182 188
187 193
173 174
168 174
178 179
173 179
178 184
183 184
183 189
188 189
193 194
188 194
193 199
174 180
179 180
184 185
179 185
184 190
189 190
189 195
194 195
199 200
194 200
199 205
185 186
180 186
185 191
190 191
195 196
190 196
195 201
200 201
200 206
205 206
205 211
191 192
186 192
191 197
196 197
196 202
201 202
206 207
201 207
211 212
206 212
211 217
192 198
197 198
202 203
197 203
202 208
207 208
212 213
207 213
217 218
212 218
217 223
198 204
203 204
208 209
203 209
208 214
213 214
213 219
218 219
218 224
223 224
223 229
209 210
204 210
209 215
214 215
214 220
219 220
224 225
219 225
224 230
229 230
229 235
215 216
210 216
220 221
215 221
220 226
225 226
225 231
230 231
235 236
230 236
235 241
221 222
216 222
221 227
226 227
226 232
231 232
231 237
236 237
241 242
236 242
241 247
227 228
222 228
227 233
232 233
232 238
237 238
237 243
242 243
247 248
242 248
233 234
228 234
233 239
238 239
238 244
243 244
248 249
243 249
239 240
234 240
244 245
239 245
244 250
249 250
240 246
245 246
245 251
250 251
246 252
251 252
