11 47
11 17
5 17
17 96
5 6
6 7
7 8
8 9
9 10
10 15
1 15
15 95
12 96
96 97
94 97
94 95
94 101
12 101
12 99
98 101
42 99
98 104
95 100
100 104
19 42
19 104
104 107
42 107
42 48
42 105
93 95
92 93
92 110
18 95
2 18
110 111
18 133
126 133
42 106
106 109
108 109
108 111
68 108
68 103
111 122
42 102
102 103
42 45
67 103
41 67
117 122
41 64
41 65
65 66
41 66
65 127
31 127
127 128
50 128
50 129
45 49
45 46
46 49
46 129
3 129
4 126
3 4
16 126
126 132
16 132
71 126
78 117
71 78
39 78
39 77
77 123
38 123
38 76
37 76
40 71
37 40
71 121
71 119
120 121
119 120
114 117
114 121
116 117
115 116
115 121
115 131
121 131
131 132
61 131
70 131
85 131
84 85
84 131
69 131
69 84
62 131
62 63
63 132
34 62
34 130
32 63
32 73
124 132
73 124
125 132
124 125
35 73
35 74
36 74
33 36
33 130
125 142
79 130
79 86
83 86
82 83
87 130
80 82
80 87
72 130
80 81
21 81
21 82
21 142
21 135
135 142
72 89
25 82
21 134
134 142
89 90
26 90
25 26
21 145
28 145
25 28
26 51
27 28
51 58
22 27
57 58
22 24
57 60
23 24
20 60
23 143
20 143
134 149
145 149
43 149
43 44
44 138
138 139
139 141
141 145
140 145
30 140
30 143
30 52
52 141
91 141
91 112
112 113
29 143
59 143
29 55
55 56
53 56
54 59
53 54
53 144
59 118
52 118
88 118
88 113
52 88
13 118
113 146
88 146
75 146
75 113
113 136
136 147
146 147
136 137
137 148
147 148
14 148
