50 57
49 50
18 57
15 49
18 58
55 58
15 67
55 56
53 56
53 54
67 68
51 54
65 68
65 66
51 69
63 66
63 64
17 64
17 61
69 70
13 61
13 62
59 62
11 59
11 12
43 70
43 75
3 75
3 4
4 5
5 6
6 7
7 8
8 12
9 12
9 10
10 38
1 38
1 29
2 29
2 30
30 31
31 52
33 52
20 43
19 20
19 22
21 22
21 80
32 80
33 79
32 79
33 88
37 43
37 76
34 88
25 76
34 36
35 36
25 44
35 87
86 87
85 86
84 85
60 84
60 83
81 83
81 82
42 82
42 47
42 73
41 73
41 72
71 72
40 71
39 40
39 46
46 78
77 78
44 45
45 77
26 44
47 74
23 26
14 74
14 28
28 48
27 48
23 27
23 24
16 24
16 48
