1 7
1 2
7 13
7 8
2 8
2 3
13 19
13 14
8 14
8 9
3 9
3 4
19 25
19 20
14 20
9 15
14 15
4 10
9 10
4 5
25 31
20 26
25 26
15 21
20 21
15 16
10 16
5 11
10 11
5 6
11 12
6 12
11 17
16 17
16 22
21 22
26 27
21 27
26 32
31 32
31 37
17 18
12 18
22 23
17 23
22 28
27 28
27 33
32 33
32 38
37 38
37 43
18 24
23 24
23 29
28 29
28 34
33 34
33 39
38 39
38 44
43 44
43 49
24 30
29 30
34 35
29 35
34 40
39 40
44 45
39 45
44 50
49 50
49 55
35 36
30 36
40 41
35 41
40 46
45 46
45 51
50 51
55 56
50 56
55 61
41 42
36 42
46 47
41 47
46 52
51 52
51 57
56 57
61 62
56 62
61 67
47 48
42 48
47 53
52 53
52 58
57 58
57 63
62 63
67 68
62 68
67 73
53 54
48 54
53 59
58 59
58 64
63 64
63 69
68 69
73 74
68 74
73 79
59 60
54 60
59 65
64 65
69 70
64 70
69 75
74 75
79 80
74 80
79 85
60 66
65 66
70 71
65 71
70 76
75 76
75 81
80 81
85 86
80 86
85 91
71 72
66 72
71 77
76 77
76 82
81 82
86 87
81 87
86 92
91 92
91 97
77 78
72 78
82 83
77 83
82 88
87 88
87 93
92 93
97 98
92 98
97 103
83 84
78 84
83 89
88 89
93 94
88 94
93 99
98 99
103 104
98 104
103 109
84 90
89 90
89 95
94 95
94 100
99 100
104 105
99 105
104 110
109 110
109 115
90 96
95 96
100 101
95 101
100 106
105 106
105 111
110 111
115 116
110 116
115 121
101 102
96 102
101 107
106 107
111 112
106 112
111 117
116 117
121 122
116 122
121 127
102 108
107 108
107 113
112 113
112 118
117 118
117 123
122 123
127 128
122 128
127 133
113 114
108 114
113 119
118 119
118 124
123 124
123 129
128 129
133 134
128 134
133 139
119 120
114 120
119 125
124 125
124 130
129 130
134 135
129 135
134 140
139 140
139 145
125 126
120 126
130 131
125 131
130 136
135 136
135 141
140 141
145 146
140 146
145 151
131 132
126 132
136 137
131 137
136 142
141 142
141 147
146 147
151 152
146 152
151 157
137 138
132 138
142 143
137 143
142 148
147 148
147 153
152 153
157 158
152 158
157 163
143 144
138 144
143 149
148 149
148 154
153 154
158 159
153 159
158 164
163 164
163 169
149 150
144 150
154 155
149 155
154 160
159 160
164 165
159 165
169 170
164 170
169 175
150 156
155 156
160 161
155 161
160 166
165 166
165 171
170 171
175 176
170 176
175 181
156 162
161 162
161 167
166 167
166 172
171 172
171 177
176 177
181 182
176 182
181 187
167 168
162 168
172 173
167 173
172 178
177 178
182 183
177 183
182 188
187 188
187 193
173 174
168 174
178 179
173 179
178 184
183 184
183 189
188 189
193 194
188 194
193 199
179 180
174 180
184 185
179 185
184 190
189 190
189 195
194 195
199 200
194 200
199 205
185 186
180 186
185 191
190 191
190 196
195 196
195 201
200 201
200 206
205 206
205 211
186 192
191 192
196 197
191 197
196 202
201 202
201 207
206 207
211 212
206 212
211 217
197 198
192 198
197 203
202 203
202 208
207 208
212 213
207 213
212 218
217 218
217 223
203 204
198 204
208 209
203 209
208 214
213 214
213 219
218 219
223 224
218 224
223 229
209 210
204 210
214 215
209 215
214 220
219 220
224 225
219 225
229 230
224 230
229 235
210 216
215 216
220 221
215 221
225 226
220 226
230 231
225 231
235 236
230 236
235 241
221 222
216 222
226 227
221 227
226 232
231 232
231 237
236 237
241 242
236 242
241 247
227 228
222 228
232 233
227 233
237 238
232 238
242 243
237 243
242 248
247 248
247 253
233 234
228 234
238 239
233 239
238 244
243 244
248 249
243 249
253 254
248 254
253 259
239 240
234 240
244 245
239 245
244 250
249 250
249 255
254 255
259 260
254 260
259 265
245 246
240 246
250 251
245 251
250 256
255 256
255 261
260 261
265 266
260 266
265 271
251 252
246 252
251 257
256 257
256 262
261 262
266 267
261 267
266 272
271 272
271 277
252 258
257 258
262 263
257 263
262 268
267 268
267 273
272 273
277 278
272 278
277 283
263 264
258 264
268 269
263 269
268 274
273 274
273 279
278 279
283 284
278 284
283 289
269 270
264 270
269 275
274 275
279 280
274 280
279 285
284 285
289 290
284 290
289 295
275 276
270 276
275 281
280 281
280 286
285 286
290 291
285 291
295 296
290 296
295 301
281 282
276 282
286 287
281 287
286 292
291 292
291 297
296 297
301 302
296 302
301 307
287 288
282 288
287 293
292 293
292 298
297 298
297 303
302 303
307 308
302 308
307 313
293 294
288 294
293 299
298 299
298 304
303 304
303 309
308 309
313 314
308 314
313 319
299 300
294 300
299 305
304 305
309 310
304 310
309 315
314 315
319 320
314 320
319 325
300 306
305 306
310 311
305 311
310 316
315 316
315 321
320 321
325 326
320 326
325 331
306 312
311 312
316 317
311 317
316 322
321 322
321 327
326 327
331 332
326 332
331 337
317 318
312 318
317 323
322 323
327 328
322 328
327 333
332 333
337 338
332 338
337 343
318 324
323 324
323 329
328 329
328 334
333 334
333 339
338 339
338 344
343 344
343 349
324 330
329 330
334 335
329 335
334 340
339 340
339 345
344 345
349 350
344 350
349 355
335 336
330 336
340 341
335 341
340 346
345 346
345 351
350 351
350 356
355 356
341 342
336 342
341 347
346 347
351 352
346 352
351 357
356 357
342 348
347 348
352 353
347 353
352 358
357 358
348 354
353 354
353 359
358 359
354 360
359 360
