1 7
1 2
7 13
2 8
7 8
2 3
13 19
13 14
8 14
3 9
8 9
3 4
19 25
19 20
14 20
9 15
14 15
9 10
4 10
4 5
25 31
20 26
25 26
20 21
15 21
10 16
15 16
5 11
10 11
5 6
11 12
6 12
16 17
11 17
21 22
16 22
21 27
26 27
31 32
26 32
31 37
12 18
17 18
17 23
22 23
22 28
27 28
27 33
32 33
37 38
32 38
37 43
23 24
18 24
23 29
28 29
33 34
28 34
33 39
38 39
43 44
38 44
43 49
29 30
24 30
29 35
34 35
34 40
39 40
39 45
44 45
44 50
49 50
49 55
30 36
35 36
40 41
35 41
40 46
45 46
45 51
50 51
55 56
50 56
55 61
41 42
36 42
41 47
46 47
46 52
51 52
56 57
51 57
56 62
61 62
61 67
47 48
42 48
52 53
47 53
52 58
57 58
57 63
62 63
67 68
62 68
67 73
48 54
53 54
58 59
53 59
58 64
63 64
63 69
68 69
73 74
68 74
73 79
59 60
54 60
59 65
64 65
64 70
69 70
69 75
74 75
74 80
79 80
79 85
65 66
60 66
65 71
70 71
70 76
75 76
80 81
75 81
80 86
85 86
85 91
71 72
66 72
76 77
71 77
76 82
81 82
81 87
86 87
91 92
86 92
91 97
77 78
72 78
77 83
82 83
82 88
87 88
87 93
92 93
97 98
92 98
97 103
83 84
78 84
83 89
88 89
88 94
93 94
93 99
98 99
98 104
103 104
103 109
84 90
89 90
94 95
89 95
94 100
99 100
99 105
104 105
109 110
104 110
109 115
95 96
90 96
95 101
100 101
100 106
105 106
110 111
105 111
110 116
115 116
115 121
101 102
96 102
106 107
101 107
106 112
111 112
111 117
116 117
121 122
116 122
121 127
107 108
102 108
107 113
112 113
117 118
112 118
117 123
122 123
127 128
122 128
127 133
108 114
113 114
113 119
118 119
118 124
123 124
123 129
128 129
133 134
128 134
133 139
119 120
114 120
119 125
124 125
124 130
129 130
129 135
134 135
139 140
134 140
139 145
125 126
120 126
125 131
130 131
135 136
130 136
135 141
140 141
145 146
140 146
145 151
126 132
131 132
131 137
136 137
136 142
141 142
141 147
146 147
151 152
146 152
151 157
132 138
137 138
142 143
137 143
142 148
147 148
147 153
152 153
157 158
152 158
157 163
143 144
138 144
143 149
148 149
153 154
148 154
153 159
158 159
163 164
158 164
163 169
149 150
144 150
149 155
154 155
154 160
159 160
159 165
164 165
164 170
169 170
169 175
150 156
155 156
160 161
155 161
160 166
165 166
165 171
170 171
175 176
170 176
175 181
161 162
156 162
166 167
161 167
166 172
171 172
171 177
176 177
181 182
176 182
181 187
167 168
162 168
167 173
172 173
172 178
177 178
182 183
177 183
182 188
187 188
187 193
173 174
168 174
178 179
173 179
178 184
183 184
183 189
188 189
193 194
188 194
193 199
179 180
174 180
179 185
184 185
189 190
184 190
189 195
194 195
199 200
194 200
199 205
180 186
185 186
185 191
190 191
190 196
195 196
195 201
200 201
205 206
200 206
205 211
191 192
186 192
191 197
196 197
196 202
201 202
201 207
206 207
211 212
206 212
211 217
197 198
192 198
197 203
202 203
207 208
202 208
207 213
212 213
217 218
212 218
217 223
198 204
203 204
208 209
203 209
208 214
213 214
213 219
218 219
223 224
218 224
223 229
209 210
204 210
209 215
214 215
214 220
219 220
224 225
219 225
224 230
229 230
229 235
215 216
210 216
220 221
215 221
220 226
225 226
225 231
230 231
235 236
230 236
235 241
221 222
216 222
221 227
226 227
226 232
231 232
231 237
236 237
241 242
236 242
241 247
227 228
222 228
227 233
232 233
232 238
237 238
242 243
237 243
247 248
242 248
247 253
228 234
233 234
238 239
233 239
243 244
238 244
243 249
248 249
253 254
248 254
253 259
239 240
234 240
239 245
244 245
249 250
244 250
249 255
254 255
259 260
254 260
259 265
245 246
240 246
245 251
250 251
255 256
250 256
255 261
260 261
265 266
260 266
265 271
246 252
251 252
251 257
256 257
256 262
261 262
266 267
261 267
266 272
271 272
271 277
252 258
257 258
262 263
257 263
262 268
267 268
272 273
267 273
272 278
277 278
277 283
263 264
258 264
268 269
263 269
268 274
273 274
273 279
278 279
283 284
278 284
283 289
269 270
264 270
274 275
269 275
274 280
279 280
279 285
284 285
289 290
284 290
289 295
275 276
270 276
275 281
280 281
285 286
280 286
285 291
290 291
295 296
290 296
295 301
281 282
276 282
281 287
286 287
291 292
286 292
291 297
296 297
296 302
301 302
301 307
282 288
287 288
287 293
292 293
292 298
297 298
302 303
297 303
307 308
302 308
307 313
293 294
288 294
298 299
293 299
298 304
303 304
303 309
308 309
313 314
308 314
313 319
299 300
294 300
304 305
299 305
304 310
309 310
309 315
314 315
319 320
314 320
305 306
300 306
310 311
305 311
310 316
315 316
315 321
320 321
311 312
306 312
311 317
316 317
316 322
321 322
317 318
312 318
317 323
322 323
318 324
323 324
