35 82
35 83
35 80
78 80
77 78
78 79
75 79
74 75
18 79
48 79
18 50
47 48
50 73
47 70
52 73
52 68
68 69
69 70
62 70
69 71
22 62
51 71
19 22
51 63
63 64
17 64
17 19
19 23
19 32
21 23
21 49
49 55
7 55
7 72
2 72
24 32
25 32
24 26
25 29
6 26
27 29
6 28
27 28
2 45
1 45
1 44
42 44
42 43
41 42
40 41
36 41
36 54
4 54
3 4
3 57
57 84
2 46
31 46
8 31
8 30
30 76
6 66
5 66
6 53
5 11
9 76
10 11
9 10
11 56
14 56
14 76
14 37
37 81
53 61
12 61
12 56
56 67
13 67
13 60
38 61
38 39
39 60
20 39
20 60
20 34
34 61
20 33
15 20
16 20
16 59
15 59
58 59
58 65
