60 65
58 65
53 65
59 65
65 73
73 74
66 74
51 66
66 71
51 55
71 72
51 57
38 51
38 39
1 39
1 51
1 36
36 71
4 36
31 36
9 31
9 40
40 51
9 15
30 51
4 37
37 71
4 70
70 71
10 30
15 43
69 71
68 69
68 70
22 71
67 70
50 67
50 61
54 61
19 61
19 50
19 63
29 63
29 56
22 23
23 26
22 26
30 49
32 49
30 32
52 56
21 52
23 35
21 35
20 21
48 56
20 48
20 64
48 64
33 64
13 23
7 13
13 16
2 16
2 25
25 30
14 25
2 62
3 62
3 43
3 41
6 41
5 41
28 41
8 41
12 41
11 41
41 42
18 41
18 42
18 43
17 18
24 30
24 27
27 30
24 44
44 46
43 46
34 43
44 45
34 47
45 47
