43 109
44 109
109 142
44 140
138 140
138 139
141 142
139 141
142 143
84 142
84 87
87 108
48 108
41 48
41 143
41 42
47 48
42 47
45 47
47 125
46 125
46 49
49 50
4 50
3 4
3 6
5 6
6 7
6 9
1 9
7 8
1 11
11 14
8 10
13 14
12 13
13 31
15 31
15 36
36 69
69 70
12 18
17 18
12 17
12 32
32 35
35 61
61 70
70 80
57 80
10 19
10 20
16 19
16 20
16 72
61 72
61 62
62 63
20 120
47 124
120 123
123 124
120 121
47 129
122 129
72 73
74 121
73 74
74 97
72 96
96 121
96 97
128 129
126 128
121 126
127 128
127 129
94 121
89 94
89 96
88 89
88 96
89 95
95 127
92 95
2 92
2 127
68 88
68 99
67 99
66 99
65 66
63 65
63 64
64 81
81 82
57 58
58 82
57 60
59 60
51 59
91 92
90 91
92 93
90 93
92 106
106 107
104 107
99 105
104 105
102 105
102 103
100 103
99 101
100 101
77 100
77 98
98 99
76 98
76 83
82 83
77 78
78 103
25 77
25 28
28 82
27 82
25 26
21 27
21 22
22 26
21 53
54 59
53 54
52 59
52 137
53 134
134 137
136 137
135 136
78 79
131 135
26 85
79 85
85 86
79 86
26 30
23 30
24 26
23 24
23 38
29 38
24 55
55 71
53 71
55 119
71 119
38 119
53 56
56 75
38 75
53 133
37 38
132 133
37 40
39 40
34 39
33 132
33 131
33 118
34 118
130 131
33 130
113 118
130 144
111 113
111 112
110 111
110 117
116 117
114 130
114 116
114 145
130 145
115 116
114 115
