67 70
69 70
67 68
69 72
17 68
71 72
17 65
15 71
13 65
15 53
13 66
53 54
63 66
54 61
11 63
18 61
11 12
18 62
59 62
59 60
57 60
57 58
55 58
55 73
73 74
47 74
8 12
9 12
7 8
6 7
9 10
5 6
4 5
3 4
3 79
47 79
10 42
1 42
1 33
2 33
2 34
19 34
19 31
31 32
20 32
34 35
35 56
37 56
37 83
37 92
36 83
36 84
23 84
23 24
21 24
21 22
22 47
38 92
41 47
38 40
39 40
41 80
39 91
90 91
27 80
89 90
88 89
27 48
64 88
64 87
85 87
85 86
46 86
46 51
46 77
45 77
45 76
75 76
44 75
43 44
43 50
50 82
81 82
48 49
49 81
28 48
51 78
25 28
14 78
14 30
30 52
25 29
29 52
25 26
16 26
16 52
