96 108
108 112
82 108
112 113
110 113
110 153
22 82
25 82
26 82
27 82
28 82
62 82
82 94
69 82
67 69
67 153
69 109
106 109
106 107
107 153
71 153
66 153
97 153
88 153
114 153
68 153
115 153
111 153
72 153
90 153
89 153
70 153
104 153
73 153
139 153
65 73
65 127
64 127
64 126
75 126
91 139
83 139
83 84
83 85
83 124
80 85
80 123
80 138
87 123
81 138
81 152
87 152
87 122
24 152
122 149
149 150
124 140
140 150
21 24
23 24
124 146
86 124
124 125
40 125
37 40
37 74
38 74
74 121
75 118
74 118
119 140
118 119
31 119
13 31
31 120
13 142
15 142
15 18
39 75
34 75
34 39
36 75
33 34
33 36
140 147
147 148
116 140
55 140
79 116
63 116
55 56
55 141
56 141
63 141
79 95
63 95
79 143
141 143
32 120
35 120
14 120
10 14
9 14
11 14
5 9
5 6
6 12
11 12
6 145
7 12
7 8
8 145
4 145
3 145
61 145
3 52
61 129
17 61
17 52
18 134
18 135
135 136
18 137
136 137
52 137
18 144
131 144
132 144
133 144
130 132
16 133
50 130
20 50
16 20
19 143
16 19
49 50
46 50
29 141
29 30
92 141
92 151
76 151
76 141
77 141
77 78
78 151
11 99
11 102
99 102
102 105
11 98
1 11
98 101
1 2
1 100
100 103
52 128
52 93
52 54
54 93
51 54
51 52
51 53
51 59
51 57
57 60
59 60
57 58
42 143
48 143
47 143
44 143
117 143
45 143
41 143
43 143
