76 77
77 101
101 103
78 101
80 103
102 103
79 102
82 102
78 82
78 104
31 104
31 78
75 76
75 104
75 113
73 76
73 82
76 105
7 82
73 74
31 32
32 113
31 37
32 37
100 105
100 113
32 38
37 38
20 38
20 105
20 37
99 100
74 99
48 74
98 99
19 20
13 20
19 36
13 14
35 36
33 35
33 34
34 39
39 40
16 48
16 98
61 105
48 61
61 98
11 14
11 105
11 12
12 14
12 105
17 105
12 17
11 17
60 61
54 60
54 61
53 54
51 53
7 81
7 63
63 81
5 7
63 86
63 71
67 86
64 71
64 86
71 72
69 72
67 70
69 70
67 68
65 67
65 68
65 66
1 65
1 64
2 66
1 2
1 10
10 64
1 9
9 64
8 9
5 8
9 87
5 87
4 87
4 5
4 48
5 6
6 47
47 48
4 46
4 89
44 46
88 89
89 94
3 88
94 95
3 56
56 95
95 96
18 44
43 44
15 18
42 43
48 85
15 85
41 42
50 85
41 50
48 112
56 112
50 55
55 56
55 112
49 50
49 58
51 58
55 57
57 58
55 91
90 91
45 48
51 52
48 52
51 92
92 93
96 97
90 97
25 96
26 93
26 90
25 26
30 93
25 28
29 30
26 29
26 27
28 84
22 27
21 22
21 23
23 84
83 84
21 24
62 83
24 106
59 62
59 106
106 107
59 111
107 108
110 111
108 109
109 110
