1 2
1 7
2 8
7 8
2 3
7 13
13 14
8 14
3 9
8 9
3 4
13 19
19 20
14 20
9 15
14 15
9 10
4 10
4 5
19 25
20 26
25 26
20 21
15 21
10 16
15 16
10 11
5 11
5 6
25 31
11 12
6 12
16 17
11 17
16 22
21 22
21 27
26 27
31 32
26 32
31 37
12 18
17 18
22 23
17 23
22 28
27 28
27 33
32 33
37 38
32 38
37 43
23 24
18 24
28 29
23 29
33 34
28 34
33 39
38 39
43 44
38 44
43 49
29 30
24 30
29 35
34 35
34 40
39 40
39 45
44 45
44 50
49 50
49 55
30 36
35 36
40 41
35 41
40 46
45 46
45 51
50 51
55 56
50 56
55 61
36 42
41 42
46 47
41 47
46 52
51 52
56 57
51 57
56 62
61 62
61 67
47 48
42 48
52 53
47 53
52 58
57 58
57 63
62 63
67 68
62 68
67 73
48 54
53 54
58 59
53 59
58 64
63 64
68 69
63 69
73 74
68 74
73 79
59 60
54 60
59 65
64 65
69 70
64 70
69 75
74 75
74 80
79 80
79 85
65 66
60 66
65 71
70 71
75 76
70 76
80 81
75 81
80 86
85 86
85 91
71 72
66 72
71 77
76 77
76 82
81 82
81 87
86 87
91 92
86 92
91 97
77 78
72 78
77 83
82 83
82 88
87 88
87 93
92 93
97 98
92 98
97 103
83 84
78 84
83 89
88 89
88 94
93 94
93 99
98 99
98 104
103 104
103 109
89 90
84 90
94 95
89 95
94 100
99 100
99 105
104 105
109 110
104 110
109 115
90 96
95 96
95 101
100 101
100 106
105 106
105 111
110 111
110 116
115 116
115 121
101 102
96 102
101 107
106 107
106 112
111 112
116 117
111 117
121 122
116 122
121 127
102 108
107 108
112 113
107 113
112 118
117 118
117 123
122 123
122 128
127 128
127 133
113 114
108 114
118 119
113 119
118 124
123 124
128 129
123 129
133 134
128 134
133 139
119 120
114 120
119 125
124 125
129 130
124 130
129 135
134 135
139 140
134 140
139 145
125 126
120 126
125 131
130 131
135 136
130 136
135 141
140 141
145 146
140 146
145 151
131 132
126 132
131 137
136 137
141 142
136 142
146 147
141 147
146 152
151 152
151 157
137 138
132 138
137 143
142 143
142 148
147 148
152 153
147 153
157 158
152 158
157 163
138 144
143 144
143 149
148 149
148 154
153 154
153 159
158 159
163 164
158 164
163 169
144 150
149 150
149 155
154 155
159 160
154 160
159 165
164 165
169 170
164 170
169 175
150 156
155 156
155 161
160 161
165 166
160 166
165 171
170 171
170 176
175 176
156 162
161 162
161 167
166 167
166 172
171 172
176 177
171 177
162 168
167 168
167 173
172 173
172 178
177 178
173 174
168 174
173 179
178 179
174 180
179 180
