1 2
1 7
2 8
7 8
2 3
7 13
13 14
8 14
3 9
8 9
3 4
13 19
19 20
14 20
14 15
9 15
9 10
4 10
4 5
19 25
20 26
25 26
20 21
15 21
10 16
15 16
10 11
5 11
5 6
25 31
11 12
6 12
16 17
11 17
21 22
16 22
21 27
26 27
31 32
26 32
31 37
12 18
17 18
17 23
22 23
22 28
27 28
27 33
32 33
37 38
32 38
37 43
18 24
23 24
23 29
28 29
33 34
28 34
33 39
38 39
43 44
38 44
43 49
29 30
24 30
34 35
29 35
34 40
39 40
39 45
44 45
49 50
44 50
49 55
35 36
30 36
40 41
35 41
40 46
45 46
45 51
50 51
55 56
50 56
55 61
41 42
36 42
41 47
46 47
46 52
51 52
56 57
51 57
56 62
61 62
61 67
47 48
42 48
52 53
47 53
52 58
57 58
57 63
62 63
67 68
62 68
67 73
53 54
48 54
58 59
53 59
63 64
58 64
63 69
68 69
73 74
68 74
73 79
59 60
54 60
59 65
64 65
64 70
69 70
69 75
74 75
74 80
79 80
79 85
60 66
65 66
70 71
65 71
75 76
70 76
75 81
80 81
80 86
85 86
85 91
71 72
66 72
71 77
76 77
81 82
76 82
81 87
86 87
91 92
86 92
91 97
77 78
72 78
82 83
77 83
82 88
87 88
92 93
87 93
97 98
92 98
97 103
83 84
78 84
83 89
88 89
88 94
93 94
93 99
98 99
98 104
103 104
84 90
89 90
94 95
89 95
94 100
99 100
104 105
99 105
95 96
90 96
95 101
100 101
100 106
105 106
101 102
96 102
101 107
106 107
102 108
107 108
