31 69
68 69
69 71
67 68
71 72
66 67
3 67
72 73
2 72
64 73
3 65
64 65
3 4
1 4
1 2
2 7
4 32
32 63
36 63
36 37
8 37
7 8
8 42
5 7
5 42
6 7
7 11
6 11
6 43
42 43
42 45
18 43
17 18
17 45
45 47
17 24
11 12
11 56
12 56
55 56
22 56
54 56
23 24
22 23
23 26
24 26
20 23
20 24
20 54
24 25
25 26
19 20
19 54
20 21
21 50
50 51
51 57
57 58
58 59
54 60
59 60
53 54
25 49
47 49
25 62
10 25
27 62
27 30
10 30
9 27
30 70
44 47
15 47
16 47
15 16
47 52
46 52
46 47
34 52
46 61
16 35
34 35
35 48
48 61
35 38
13 38
13 48
16 28
16 33
28 29
14 33
29 41
14 39
39 40
40 41
