35 105
34 35
35 104
30 34
103 104
6 104
4 6
4 7
4 5
4 8
3 4
3 100
100 106
30 106
101 106
9 101
101 108
9 93
59 93
108 109
27 108
30 107
107 109
30 102
102 107
30 31
30 33
31 32
32 33
11 59
59 98
11 12
58 98
12 19
57 58
56 57
56 63
63 99
62 99
60 62
24 27
27 88
24 28
67 88
28 29
64 67
64 97
14 19
19 40
20 60
14 20
60 125
40 41
13 20
38 41
38 39
39 44
44 45
26 29
29 89
1 26
89 92
1 10
92 121
10 65
91 97
121 122
97 122
120 121
90 91
122 123
90 123
119 120
90 116
116 118
118 119
74 125
61 125
74 111
61 110
45 117
65 117
42 45
42 43
36 43
25 36
25 37
21 65
21 37
65 66
66 112
70 118
73 118
70 71
75 111
73 75
77 111
2 71
2 115
53 110
50 110
52 53
52 77
49 50
51 77
76 77
76 96
16 112
16 115
114 115
112 114
15 112
113 114
75 113
15 18
17 18
17 113
72 75
68 75
86 96
69 96
68 69
68 87
84 87
84 95
85 95
82 95
82 83
80 83
23 80
22 80
23 81
22 81
22 55
23 55
78 81
46 55
78 79
49 79
46 94
48 49
49 124
94 124
47 48
47 94
54 124
