58 65
58 59
16 59
15 59
16 20
15 20
20 33
20 34
34 61
20 39
39 60
20 60
38 39
38 61
13 60
13 67
56 67
12 56
12 61
53 61
6 53
11 56
14 56
5 11
10 11
6 66
5 66
9 10
14 76
9 76
14 37
30 76
37 81
8 30
8 31
31 46
2 46
6 26
6 28
24 26
27 28
24 32
27 29
25 29
25 32
19 32
2 72
2 45
7 72
1 45
7 55
1 44
49 55
42 44
21 49
19 23
21 23
19 22
17 19
22 62
17 64
62 70
63 64
51 63
51 71
69 71
69 70
47 70
68 69
47 48
52 68
48 79
52 73
50 73
18 50
18 79
42 43
41 42
75 79
78 79
74 75
40 41
36 41
36 54
4 54
3 4
3 57
57 84
77 78
78 80
35 80
35 82
35 83
