43 109
44 109
109 142
44 140
138 140
138 139
141 142
139 141
142 143
84 142
41 143
84 87
87 108
48 108
41 48
41 42
47 48
42 47
45 47
47 125
46 125
46 49
49 50
4 50
3 4
3 6
47 124
47 129
123 124
120 123
20 120
120 121
10 20
16 20
10 19
16 19
8 10
16 72
7 8
6 7
5 6
6 9
1 9
1 11
11 14
13 14
13 31
12 13
15 31
15 36
36 69
69 70
70 80
61 72
61 70
57 80
72 73
72 96
96 121
74 121
73 74
74 97
96 97
121 126
94 121
128 129
126 128
89 96
89 94
88 96
88 89
127 129
127 128
122 129
89 95
95 127
68 88
2 127
92 95
2 92
68 99
35 61
61 62
12 32
32 35
62 63
12 18
17 18
12 17
57 58
57 60
58 82
59 60
63 65
63 64
65 66
66 99
64 81
81 82
91 92
90 91
92 93
90 93
92 106
106 107
104 107
99 105
104 105
102 105
102 103
100 103
78 103
99 101
100 101
77 100
77 78
78 79
67 99
77 98
98 99
25 77
76 98
76 83
82 83
25 28
28 82
27 82
25 26
21 27
26 85
79 85
79 86
85 86
21 22
22 26
21 53
26 30
24 26
23 24
23 30
24 55
23 38
53 71
55 71
55 119
71 119
38 119
51 59
54 59
53 54
52 59
52 137
134 137
53 134
136 137
135 136
131 135
53 56
53 133
56 75
38 75
132 133
33 131
33 132
33 130
130 131
33 118
29 38
37 38
37 40
39 40
34 118
34 39
113 118
111 113
111 112
110 111
110 117
116 117
115 116
114 130
114 116
114 115
114 145
130 145
130 144
