17 18
17 26
18 26
18 30
26 61
30 61
18 44
44 59
26 59
18 59
18 39
39 49
49 61
36 49
36 37
37 61
15 37
16 61
15 16
47 61
47 59
47 69
16 69
28 69
28 47
16 28
35 69
13 35
13 69
13 47
13 14
10 28
9 10
28 29
28 41
41 59
26 41
29 42
41 42
34 41
29 34
40 41
26 40
38 41
26 38
56 59
41 56
25 26
24 25
23 24
21 23
21 26
26 51
26 32
27 32
27 51
27 56
27 62
32 62
60 62
21 22
19 21
50 56
19 50
56 57
58 59
56 58
57 58
52 59
52 58
31 50
20 50
3 52
7 52
3 63
59 63
46 59
43 47
43 46
59 70
33 59
33 47
63 71
70 71
33 45
45 47
45 48
47 48
63 64
7 53
53 63
1 64
33 65
53 65
11 33
7 11
1 2
2 7
2 4
4 11
7 54
7 8
54 55
11 55
6 11
6 8
5 6
11 12
11 67
65 67
12 68
67 68
65 68
66 67
65 66
