21 50
19 50
19 20
20 22
23 50
22 23
50 51
1 50
6 51
23 24
1 4
4 23
4 11
6 11
6 8
11 12
5 8
7 8
7 53
2 7
1 2
2 4
2 57
12 57
2 68
57 58
12 28
12 55
54 58
58 60
1 59
59 60
1 74
24 42
4 42
1 42
73 74
18 42
24 25
24 26
17 18
17 26
3 4
18 67
4 67
67 68
3 66
65 66
65 73
72 73
71 72
70 71
68 69
67 69
69 70
47 69
45 47
43 45
18 43
43 67
18 41
43 46
44 46
41 44
41 62
52 68
48 52
35 48
35 67
33 35
33 38
38 68
9 68
36 67
9 27
27 67
37 38
36 37
38 40
37 40
38 64
38 39
9 16
9 30
30 40
10 27
10 40
10 30
15 27
15 16
16 32
13 15
32 49
13 14
14 49
30 31
30 34
34 61
34 63
34 56
29 34
