89 90
89 95
90 116
113 116
113 114
111 114
96 111
95 96
94 95
111 112
93 94
76 112
76 93
77 93
69 77
73 77
69 78
73 74
74 75
73 75
70 78
70 71
71 72
78 152
151 152
78 153
151 153
21 78
78 136
21 22
10 22
151 155
62 151
154 155
62 156
61 156
61 154
156 157
157 158
50 136
50 158
136 137
135 137
143 158
7 158
143 144
6 7
88 144
4 6
43 88
43 44
41 44
135 138
135 142
47 138
141 142
140 141
139 140
134 139
4 5
3 4
5 49
133 134
3 133
47 48
48 49
46 47
42 47
45 46
42 45
10 87
87 134
104 134
81 87
82 104
81 82
9 10
8 10
8 9
2 104
103 104
2 86
8 86
103 106
1 86
83 106
8 110
83 110
8 120
83 105
107 110
105 108
107 108
20 108
19 20
119 120
25 120
19 68
68 107
107 109
102 109
101 102
101 119
117 119
25 28
25 27
27 98
36 117
117 118
33 36
33 34
115 118
92 98
92 118
67 92
67 115
91 92
98 99
91 99
26 98
16 19
15 16
15 18
17 18
12 17
12 19
11 19
11 12
11 14
13 14
13 31
31 85
31 132
34 35
35 85
32 35
32 85
34 37
34 40
37 38
39 40
39 84
38 84
54 84
131 132
125 132
126 131
51 125
51 126
123 125
123 130
51 52
51 58
52 150
149 150
54 55
55 56
53 54
54 59
29 53
59 60
23 29
57 58
57 60
58 124
124 130
58 129
129 130
128 130
128 129
79 128
23 24
23 30
24 30
63 79
79 121
63 80
97 121
97 127
66 127
65 66
64 80
64 65
80 100
100 122
122 145
145 146
146 147
147 148
