63 64
17 64
63 66
17 61
65 66
13 61
65 68
13 62
67 68
59 62
15 67
11 59
15 49
11 12
49 50
50 57
18 57
18 58
55 58
55 56
53 56
53 54
51 54
51 69
69 70
43 70
8 12
9 12
7 8
9 10
6 7
10 38
5 6
1 38
4 5
1 29
3 4
2 29
43 75
3 75
2 30
30 31
31 52
33 52
20 43
37 43
19 20
37 76
19 22
25 76
21 22
25 44
21 80
32 80
33 79
32 79
33 88
34 88
34 36
35 36
35 87
86 87
85 86
84 85
60 84
60 83
81 83
81 82
42 82
44 45
26 44
45 77
23 26
77 78
46 78
39 46
39 40
40 71
71 72
41 72
42 73
41 73
42 47
47 74
14 74
14 28
28 48
27 48
23 27
23 24
16 24
16 48
